2867
2873
2874
2875
2878
26234
184069
184073
184074
184075
187829
752553
752554
752555
752556
752557
752558
993368
1797595
2009267
2144249
2144250
2144251
2144252
2144253
2144254
2144255
2144256
2144257
2144258
2144259
2144260
2144261
2144262
2144263
2144264
2144265
2144266
2144267
2144268
2144269
2144270
2144271
2144272
2230600
2404616
2420322
2420323
2420324
2420325
2420326
2420327
2420328
2420329
2420330
2420331
2469594
2469640
2469652
2469653
2469654
2469667
2469668
2469669
2470789
2470790
2470791
2470792
2470793
2470794
2470795
2470796
2470797
2470798
2470799
2470800
2470801
2470802
2470803
2470804
2470805
2470806
2470807
2470808
2470809
2470810
2470811
2470812
2471154
2471300
2471301
2471302
2471311
2471312
2471313
2471314
2471315
2471316
2471317
2471318
2471319
2471320
2471321
2471322
2471323
2471324
2471325
2471367
2471545
2471549
2471550
2471551
2471552
2471553
2471554
2471555
2471556
2471557
2471558
2471559
2471560
2471561
2471563
2471565
2471566
2471567
2471568
2471569
2471570
2471571
2471572
2471573
2471574
2471577
2471723
2471724
2471731
2471732
2471733
2471736
2471737
2471738
2471740
2471825
2471826
2471913
2471914
2471915
2471916
2471917
2471918
2471919
2471920
2471921
2471922
2471923
2471924
2471925
2471963
2471966
2471968
2472030
2472031
2472090
2472091
2472092
2472093
2472094
2472171
2472179
2484190
2566545
2585144
2597181
2597182
2603052
2603162
2603271
2604012
2604017
2604347
2641555
2641561
2666520
2687465
2708101
2708103
2708104
2727983
2740942
2782124
2800876
2834833
2843422
2863390
2863391
2863392
2863393
2870642
2929200
2929201
2952971
2980759
3075542
3093524
3100370
3100371
3103695
3104821
3144492
3144565
3165364
3165649
3196957
3196958
3257517
3267739
3267749
3267797
3267840
3317118
3317119
3317120
3317121
3317122
3317123
3317124
3317125
3317126
3317127
3328953
3328955
3328959
3328960
3328983
3328984
3328994
3328995
3328996
3328997
3381180
3397783
3418705
3460427
3481242
3481961
3482996
3482997
3497682
3497683
3581452
3581454
3610501
3610503
3650324
3650327
3732304
3732305
3732306
3732307
3732308
3732309
3732310
3732311
3732312
3732313
3732314
3732315
3732316
3732317
3732318
3737225
3737331
3737347
3770935
3770936
3774722
3774723
3774724
3774726
3782321
3785063
3785065
3785118
3788029
3788032
3788033
3788034
3788139
3793179
3837733
3837734
3837735
3837736
3837737
3837739
3837740
3837763
3837764
3837765
3837766
3837767
3837768
3837769
3837770
3837771
3837772
3837773
3837774
3837775
3837776
3837777
3837778
3837779
3879925
3879926
3879927
3879928
3891657
3891658
3891659
3891661
3891670
3891671
3891672
3891677
3897383
3976245
3976246
3976247
3976248
3976249
3976250
3976251
3976252
3976253
3976254
3976255
3976256
3976257
3976258
3976259
3976260
3976261
3976262
3976263
3976264
3976265
3976266
3976267
3976268
3976269
3976270
3976271
3976272
3976273
3976274
3976275
3976276
3976277
3976278
3976279
3976280
3976281
3976282
3976283
3976284
3976285
3976286
3976287
3976288
3976289
3976290
3976291
3976292
3976293
3976294
3976295
3976296
3976297
3976298
3976299
3976300
3976301
3976303
3976304
3976320
3976321
3976322
3976323
3976324
3976325
3976326
3976327
3976328
3976329
3976330
3976331
3976332
3976333
3976334
3976335
3976336
3976337
3976338
3976339
3976340
3976341
3976342
3976343
3976344
3976345
3976346
3976347
3976348
3976349
3976350
3976351
3976352
3976353
3976354
3976355
3976356
3976357
3976358
3976359
3976360
3976361
3976362
3976363
3976364
3976365
3976366
3976367
3976369
3976370
3976371
3976372
3976373
3976374
3976375
3976376
3976377
3976378
3976379
3976380
3976381
3976382
3976383
3976384
3976385
3976386
3976387
3976388
3976389
3976391
3976392
3976393
3976394
3976395
3976396
3976397
3976398
3976399
3976400
3976401
3976402
3976403
3976404
3976405
3976406
3976407
3976408
3976409
3976410
3976411
3976412
3976413
3976414
3976415
3976416
3976417
3976418
3976419
3976420
3976421
3976422
3976423
3976424
3976425
3976426
3976427
3976428
3976429
3976430
3976431
3976432
3976433
3976434
3976435
3976436
3976437
3976438
3976439
3976440
3976441
3976443
3976444
3976445
3976446
3976447
3976448
3976449
3976450
3976451
3976452
3976453
3976454
3976455
3976456
3976457
3976458
3976459
3976461
3976462
3976463
3976464
3976465
3976466
3976467
3976468
3976469
3976470
3976471
3976472
3976473
3976474
3976475
3976476
3976477
3976478
3976479
3976480
3976481
3976482
3976483
3976484
3976485
3976486
3976487
3976489
3976490
3976491
3976492
3976493
3976494
3976495
3976496
3976497
3976498
3976499
3976500
3976501
3976502
3976503
3976504
3976505
3976506
3976507
3976508
3976509
3976510
3976511
3976512
3976513
3976514
3976515
3976516
3976517
3976518
3976519
3976520
3976521
3976522
3976523
3976524
3976525
3981709
3989044
3991891
3991981
3992138
3992139
3992187
3992188
3992189
3992190
3992192
3992196
3992199
3992201
3992203
3992207
3992210
3992212
3992215
3992216
3992217
3992218
3992219
3992220
3992221
3992222
4017594
4033035
4053740
4092069
4092435
4092560
4092566
4092567
4092592
4092605
4092606
4092607
4092609
4092610
4092612
4092613
4092614
4092615
4102814
4102815
4102817
4102818
4102819
4102820
4102821
4102822
4102823
4102826
4102828
4102829
4108879
4146728
4158505
4240923
4256406
4256407
4274823
4274824
4317010
4317011
4379990
4379991
4379992
4379993
4419348
4420121
4453325
4486788
4488246
4490180
4490183
4490186
4490193
4490204
4491494
4491503
4491504
4552064
4554942
4554943
4554947
4799170
4799172
4870090
4906634
4942971
4942972
4942973
4942974
4942975
4942976
4942977
4942978
4942979
4942980
4942981
4942982
4942983
4942984
4942985
4942986
4942987
4942988
4942989
4942990
4942991
4942992
4942993
4942994
4942995
4942996
4942997
4942998
4942999
4943000
4943001
4943002
4943003
4943004
4943005
4943006
4943007
4943008
4943009
4943010
4943011
4943012
4943013
4943014
4943015
4943016
4943017
4943018
4943019
4943020
4943021
4943022
4943023
4943024
4943025
4943026
4943027
4943028
4943029
4943030
4943031
4943032
4943033
4943034
4943035
4943036
4943037
4943038
4943039
4943040
4943041
4943042
4943043
4943044
4943045
4943046
4943047
4943048
4943049
4943050
4943051
4943052
4943053
4943054
4943055
5182240
5182452
5213586
5213587
5213588
5213589
5213590
5213591
5213592
5213593
5213594
5213595
5216247
5216280
5216581
5216588
5216593
5216597
5216598
5216599
5216604
5219189
5301579
5301580
5301581
5301582
5301583
5302429
5302430
5323467
5358004
5358005
5358006
5358007
5358008
5358009
5358010
5358011
5358012
5358013
5358014
5358015
5358016
5358017
5358018
5358019
5358020
5358021
5358022
5358023
5358024
5358025
5358026
5358027
5358028
5358029
5358030
5362653
5363587
5363588
5363589
5363590
5366372
5366373
5366374
5366375
5366376
5366377
5366378
5366379
5366380
5413107
5421552
5421722
5421723
5421724
5444062
5444063
5444064
5444065
5444504
5444505
5444506
5444507
5444514
5462098
5560691
5573694
5573695
5589874
5589875
5589877
5589878
5589879
5589881
5589882
5601564
5601677
5601679
5770310
5788112
5821321
5821322
5821323
5821324
5821325
5831827
5853710
5861158
5861159
5861160
5861161
5861162
5861163
5861164
5861165
5861166
5861167
5861168
5861169
5861170
5861171
5861172
5861173
5861174
5861175
5861176
5861177
5861178
5861181
5861182
5861184
5861187
5908279
5913381
5931162
5931163
5931164
5931165
5931166
5931167
5933911
5933912
5933913
5933914
5933915
5933916
5933917
5933918
5933919
5933920
5933925
5933926
5933927
5933928
5933929
5933930
5933931
5933932
5933933
5933937
5964115
5967407
5971215
6043511
6043512
6043513
6043514
6043515
6043516
6043517
6043518
6043519
6043524
6043526
6043527
6043528
6043529
6043530
6110949
6111076
6111856
6111857
6111858
6111859
6157973
6162620
6162621
6173320
6197031
6197048
6197049
6197050
6197051
6197052
6197053
6197054
6197055
6197056
6197057
6197058
6197059
6197060
6197061
6197062
6197063
6197064
6197065
6197066
6197067
6197068
6197069
6197070
6197071
6197072
6197073
6197074
6197075
6197076
6197077
6197078
6197079
6197080
6197081
6197082
6197083
6197084
6197085
6197086
6197087
6197088
6197089
6197090
6197091
6197092
6197093
6197094
6197095
6197096
6205148
6205149
6205150
6242144
6256456
6257475
6263767
6263768
6263769
6270325
6282524
6289379
6317767
6317916
6317944
6317958
6317959
6318038
6318302
6318380
6318381
6318382
6323270
6323273
6330257
6335536
6348997
6348998
6348999
6349000
6349001
6349002
6349003
6349004
6349005
6349006
6349007
6446480
6446481
6446482
6446483
6450615
6452296
6455621
6579284
6606132
6623418
6623419
6623420
6623421
6623422
6623423
6623424
6623425
6623426
6623427
6623428
6623429
6623430
6623431
6623432
6623433
6623434
6623435
6623436
6623437
6623438
6623439
6623440
6623441
6623442
6623443
6623444
6623445
6623446
6623447
6623448
6623449
6623450
6623451
6623452
6623453
6623454
6623455
6627495
6627496
6627535
6627544
6627545
6627598
6627599
6627601
6628315
6630340
6691537
6765535
6765536
6765537
6765538
6765539
6765540
6765541
6765542
6765543
6765544
6765545
6765546
6765547
6765548
6765549
6765550
6765551
6765552
6765553
6765554
6765555
6765556
6765557
6765558
6765559
6765560
6765561
6765562
6765563
6765564
6765565
6765566
6765567
6765568
6765569
6765570
6765571
7135990
7142322
7158949
7158950
7158951
7158952
7158953
7158954
7158956
7158957
7158958
7158959
7158960
7158961
7158962
7177411
7179224
7179550
7213127
7226765
7248206
7258962
7269618
7311424
7426502
7426537
7426556
7426599
7428705
7428742
7585483
7594234
7604085
7604096
7604097
7604098
7604099
7604100
7604101
7604102
7604103
7604104
7604105
7604106
7604107
7604108
7604109
7604110
7604111
7604112
7604113
7604114
7604115
7604116
7604117
7604118
7604119
7604120
7604121
7604122
7604123
7604124
7604125
7604126
7604127
7604128
7604129
7604130
7604131
7604132
7604133
7604134
7604135
7604136
7604137
7604138
7604139
7604140
7604141
7604142
7604143
7604144
7604145
7604146
7604147
7604148
7604149
7604150
7604151
7604152
7604153
7604154
7604155
7604156
7604157
7604158
7604159
7604160
7604161
7604162
7604163
7604164
7604165
7604166
7604167
7604168
7604169
7604170
7604171
7604172
7604173
7604174
7604175
7604176
7604177
7604178
7604179
7604180
7604181
7604182
7604192
7604193
7604194
7604195
7604196
7604197
7604198
7604199
7604200
7604201
7604202
7604203
7604204
7604205
7604206
7604207
7604208
7604209
7604210
7604211
7604212
7604213
7604214
7604215
7604216
7604217
7604218
7604219
7604220
7604221
7604222
7604223
7604224
7604225
7604226
7604227
7604228
7604229
7621519
7664227
7675995
7675996
7675997
7675998
7675999
7676000
7676001
7676002
7821517
7834015
7834016
7835871
7835986
7835987
7945873
7946512
7946558
7946588
7966197
7972601
7978065
8026758
8026759
8026760
8026762
8026763
8026778
8031200
8031203
8031222
8031224
8031306
8031307
8031308
8031309
8031310
8031311
8031312
8031313
8031315
8095567
8131171
8197096
8324241
8366463
8399982
8399983
8399984
8444226
8444227
8444228
8444229
8444230
8444231
8444232
8444233
8444234
8457865
8457930
8457931
8457932
8457933
8457934
8457935
8457936
8457937
8457938
8457939
8457940
8457941
8457942
8457943
8457944
8457945
8457946
8457947
8457948
8457949
8457950
8469732
8469733
8469734
8469735
8469736
8469737
8469738
8470181
8470184
8560525
8579158
8631938
8631939
8631940
8631941
8631942
8631943
8644594
8660936
8660937
8660961
8660978
8707696
8769270
8769271
8769272
8769273
8769274
8769275
8769622
8769623
8769624
8769625
8769626
8769627
8769628
8769629
8769630
8769631
8769632
8769633
8769634
8769635
8769636
8769697
8769698
8769699
8769700
8769701
8769702
8769703
8769704
8769705
8769706
8769707
8769708
8769709
8769710
8769711
8769712
8769713
8769714
8769715
8769716
8769717
8769718
8769719
8769720
8769721
8769722
8769723
8769724
8769725
8769726
8769727
8769728
8769729
8769730
8769731
8769732
8769733
8769734
8769735
8769736
8769737
8769738
8769739
8769740
8769741
8769742
8769743
8769744
8769745
8769746
8769747
8769748
8769749
8769750
8769751
8769752
8769753
8769754
8769755
8769756
8769757
8769758
8769759
8769760
8769761
8769762
8769763
8769764
8769765
8769766
8769767
8769768
8769769
8769770
8769771
8769772
8769773
8769774
8769775
8769776
8769777
8770162
8770163
8770164
8770165
8770166
8770167
8861783
8891239
8905134
8905135
8905136
8905137
8905138
8905139
8940966
8940967
8940968
8940969
8940970
8940971
8940972
8940973
8940974
8940975
9015544
9015545
9015546
9015547
9015548
9015549
9015550
9015551
9015552
9015553
9015554
9015555
9015556
9015557
9015558
9015559
9015560
9015561
9015562
9015563
9015564
9062491
9064597
9064882
9070612
9070684
9070685
9070686
9075457
9075458
9235861
9235862
9235863
9235864
9235865
9235866
9235867
9235868
9240241
9240242
9240243
9240244
9240245
9240246
9240247
9240248
9240249
9240250
9240251
9240252
9240253
9240254
9240255
9240256
9240257
9240258
9240259
9240260
9240261
9240262
9240263
9240264
9240265
9240266
9240267
9240268
9240269
9240270
9240271
9240272
9240273
9240274
9240275
9240276
9240277
9240278
9240279
9240280
9240281
9240282
9240283
9240284
9240285
9240286
9240287
9240288
9240289
9240290
9240291
9240292
9240293
9240294
9240295
9240296
9240297
9280078
9280083
9280084
9280088
9280089
9280090
9280091
9295225
9295226
9554576
9554577
9554578
9554579
9554580
9554581
9554582
9554583
9554584
9554585
9554586
9554587
9554588
9554589
9554590
9554591
9554592
9554593
9554594
9554595
9554596
9554597
9554598
9554599
9554600
9554601
9554602
9554603
9554604
9554605
9554606
9554607
9554608
9554609
9554610
9554611
9554612
9554613
9554614
9554615
9554616
9554617
9554618
9554619
9554620
9554621
9554622
9554623
9554624
9554625
9554626
9554627
9554628
9554629
9554630
9554631
9554632
9554633
9554634
9554635
9554636
9554637
9554638
9554639
9554640
9554641
9554642
9554643
9554644
9554645
9554646
9554647
9554648
9554649
9554650
9554651
9554652
9554653
9554654
9554655
9554656
9554657
9554658
9554659
9554660
9554661
9554662
9554663
9554664
9554665
9554666
9554667
9554668
9554669
9554670
9554671
9554672
9554673
9554674
9554675
9554676
9554677
9554678
9554679
9554680
9554681
9554682
9554683
9554684
9554685
9554686
9554687
9554688
9554689
9554690
9554691
9554692
9554693
9554694
9554695
9554696
9554697
9554698
9554699
9554700
9554701
9554702
9554703
9554704
9554705
9554706
9554707
9554708
9554709
9554710
9554711
9554712
9554713
9554714
9554715
9554716
9554717
9554718
9554719
9554720
9554721
9554722
9554723
9554724
9554725
9554726
9554727
9554728
9554729
9554730
9554731
9554732
9554733
9554734
9554735
9554736
9554737
9554738
9554739
9554740
9554741
9554742
9554743
9554744
9554745
9554746
9554747
9554748
9554749
9554750
9554751
9554752
9554753
9554754
9554755
9554756
9554757
9554758
9554759
9554760
9554761
9554762
9554763
9554764
9554765
9554766
9554767
9554768
9554769
9554770
9554771
9554772
9554773
9554774
9554775
9554776
9554777
9554778
9554779
9554780
9554781
9554782
9554783
9554784
9554785
9554786
9554787
9554788
9554789
9554790
9554791
9554792
9554793
9554794
9554795
9554796
9554797
9554798
9554799
9554800
9554801
9554802
9554803
9554804
9554805
9554806
9554807
9554808
9554809
9554810
9554811
9554812
9554813
9554814
9554815
9554816
9554817
9554818
9554819
9554820
9554821
9554822
9554823
9554824
9554825
9554826
9554827
9554828
9554829
9554830
9554831
9554832
9554833
9554834
9554835
9554836
9554837
9554838
9554839
9554840
9554841
9554842
9554843
9554844
9554845
9554846
9554847
9554848
9554849
9554850
9554851
9554852
9554853
9554854
9554855
9554856
9554857
9554858
9554859
9554860
9554861
9554862
9554863
9554864
9554865
9554866
9554867
9554868
9554869
9554870
9554871
9554872
9554873
9554874
9554875
9554876
9554877
9554878
9554879
9554880
9554881
9554882
9554883
9554884
9554885
9554886
9554887
9554888
9554889
9554890
9554891
9554892
9554893
9554894
9554895
9554896
9554897
9554898
9554899
9554900
9554901
9554902
9554903
9554904
9554905
9554906
9554907
9554908
9554909
9554910
9554911
9554912
9554913
9554914
9554915
9554916
9554917
9554918
9554919
9554920
9554921
9554922
9554923
9554924
9554925
9554926
9554927
9554928
9554929
9554930
9554931
9554932
9554933
9554934
9554935
9554936
9554937
9554938
9554939
9554940
9554941
9554942
9554943
9554944
9554945
9554946
9554947
9554948
9554949
9554950
9554951
9554952
9554953
9554954
9554955
9554956
9554957
9554958
9554959
9554960
9554961
9554962
9554963
9554964
9554965
9554966
9554967
9554968
9554969
9554970
9554971
9554972
9554973
9554974
9554975
9554976
9554977
9554978
9554979
9554980
9554981
9554982
9554983
9554984
9554985
9554986
9554987
9554988
9554989
9554990
9554991
9554992
9554993
9554994
9554995
9554996
9554997
9554998
9554999
9555000
9555001
9555002
9555003
9555004
9555005
9555006
9555007
9555008
9555009
9555010
9555011
9555012
9555013
9555014
9555015
9555016
9555017
9555018
9555019
9555020
9555021
9555022
9555023
9555024
9555025
9555026
9555027
9555028
9555029
9555030
9555031
9555032
9555033
9555034
9555035
9555036
9555037
9555038
9555039
9555040
9555041
9555042
9555043
9555044
9555045
9555046
9555047
9555048
9555049
9555050
9555051
9555052
9555053
9555054
9555055
9555056
9555057
9555058
9555059
9555060
9555061
9555062
9555063
9555064
9555065
9555066
9555067
9555068
9555069
9555070
9555071
9555072
9555073
9555074
9555075
9555076
9555077
9555078
9555079
9555080
9555081
9555082
9555083
9555084
9555085
9555086
9555087
9555088
9555089
9555090
9555091
9555092
9555093
9555094
9555095
9555096
9555097
9555098
9555099
9555100
9555101
9555102
9555103
9555104
9555105
9555106
9555107
9555108
9555109
9555110
9555111
9555112
9555113
9555114
9555115
9555116
9555117
9555118
9555119
9555120
9555121
9555122
9555123
9555124
9555125
9555126
9555127
9555128
9555129
9555130
9555131
9555132
9555133
9555134
9555135
9555136
9555137
9555138
9555139
9555140
9555141
9555142
9555143
9555144
9555145
9555146
9555147
9555148
9555149
9555150
9555151
9555152
9555153
9555154
9555155
9555156
9555157
9555158
9555159
9555160
9555161
9555162
9555163
9555164
9555165
9555166
9555167
9555168
9555169
9555170
9555171
9555172
9555173
9555174
9555175
9555176
9555177
9555178
9555179
9555180
9555181
9555182
9555183
9555184
9555185
9555186
9555187
9555188
9555189
9555190
9555191
9555192
9555193
9555194
9555195
9555196
9555197
9555198
9555199
9555200
9555201
9555202
9555203
9555204
9555205
9555206
9555207
9555208
9555209
9555210
9555211
9555212
9555213
9555214
9555215
9555216
9555217
9555218
9555219
9555220
9555221
9555222
9555223
9555224
9555225
9555226
9555227
9555228
9555229
9555230
9555231
9555232
9555233
9555234
9555235
9555236
9555237
9555238
9555239
9555240
9555241
9555242
9555243
9555244
9555245
9555246
9555247
9555248
9555249
9555250
9555251
9555252
9555253
9555254
9555255
9555256
9555257
9555258
9555259
9555260
9555261
9555262
9555263
9555264
9555265
9555266
9555267
9555268
9555269
9555270
9555271
9555272
9555273
9555274
9555275
9555276
9555277
9555278
9555279
9555280
9555281
9555282
9555283
9555284
9555285
9555286
9555287
9555288
9555289
9555290
9555291
9555292
9555293
9555294
9555295
9555296
9555297
9555298
9555299
9555300
9555301
9555302
9555303
9555304
9555305
9555306
9555307
9555308
9555309
9555310
9555311
9555312
9555313
9555314
9555315
9555316
9555317
9555318
9555319
9555320
9555321
9555322
9555323
9555324
9555325
9555326
9555327
9555328
9555329
9555330
9555331
9555332
9555333
9555334
9555335
9555336
9555337
9555338
9555339
9555340
9555341
9555342
9555343
9555344
9555345
9555346
9555347
9555348
9555349
9555350
9555351
9555352
9555353
9555354
9555355
9555356
9555357
9555358
9555359
9555360
9555361
9555362
9555363
9555364
9555365
9555366
9555367
9555368
9555369
9555370
9555371
9555372
9555373
9555374
9555375
9555376
9555377
9555378
9555379
9555380
9555381
9555382
9555383
9555384
9555385
9555386
9555387
9555388
9555389
9555390
9555391
9555392
9555393
9555394
9555395
9555396
9555397
9555398
9555399
9555400
9555401
9555402
9555403
9555404
9555405
9555406
9555407
9555408
9555409
9555410
9555411
9555412
9555413
9555414
9555415
9555416
9555417
9555418
9555419
9555420
9555421
9555422
9555423
9555424
9555425
9555426
9555427
9555428
9555429
9555430
9555431
9555432
9555433
9555434
9555435
9555436
9555437
9555438
9555439
9555440
9555441
9555442
9555443
9555444
9555445
9555446
9555447
9555448
9555449
9555450
9555451
9555452
9555453
9555454
9555455
9555456
9555457
9555458
9555459
9555460
9555461
9555462
9555463
9555464
9555465
9555466
9555467
9555468
9555469
9555470
9555471
9555472
9555473
9555474
9555475
9555476
9555477
9555478
9555479
9555480
9555481
9555482
9555483
9555484
9555485
9555486
9555487
9555488
9555489
9555490
9555491
9555492
9555493
9555494
9555495
9555496
9555497
9555498
9555499
9555500
9555501
9555502
9555503
9555504
9555505
9555506
9555507
9555508
9555509
9555510
9555511
9555512
9555513
9555514
9555515
9555516
9555517
9555518
9555519
9555520
9555521
9555522
9555523
9555524
9555525
9555526
9555527
9555528
9555529
9555530
9555531
9555532
9555533
9555534
9555535
9555536
9555537
9555538
9555539
9555540
9555541
9555542
9555543
9555544
9555545
9555546
9555547
9555548
9555549
9555550
9555551
9555552
9555553
9555554
9555555
9555556
9555557
9555558
9555559
9555560
9555561
9555562
9555563
9555564
9555565
9555566
9555567
9555568
9555569
9555570
9555571
9555572
9555573
9555574
9555575
9555576
9555577
9555578
9555579
9555580
9555581
9555582
9555583
9555584
9555585
9555586
9555587
9555588
9555589
9555590
9555591
9555592
9555593
9555594
9555595
9555596
9555597
9555598
9555599
9555600
9555601
9555602
9555603
9555604
9555605
9555606
9555607
9555608
9555609
9555610
9555611
9555612
9555613
9555614
9555615
9555616
9555617
9555618
9555619
9555620
9555621
9555622
9555623
9555624
9555625
9555626
9555627
9555628
9555629
9555630
9555631
9555632
9555633
9555634
9555635
9555636
9555637
9555638
9555639
9555640
9555641
9555642
9555643
9555644
9555645
9555646
9555647
9555648
9555649
9555650
9555651
9555652
9555653
9555654
9555655
9555656
9555657
9555658
9555659
9555660
9555661
9555662
9555663
9555664
9555665
9555666
9555667
9555668
9555669
9555670
9555671
9555672
9555673
9555674
9555675
9555676
9555677
9555678
9555679
9555680
9555681
9555682
9555683
9555684
9555685
9555686
9555687
9555688
9555689
9555690
9555691
9555692
9555693
9555694
9555695
9555696
9555697
9555698
9555699
9555700
9555701
9555702
9555703
9555704
9555705
9555706
9555707
9555708
9555709
9555710
9555711
9555712
9555713
9555714
9555715
9555716
9555717
9555718
9555719
9555720
9555721
9555722
9555723
9555724
9555725
9555726
9555727
9555728
9555729
9555730
9555731
9555732
9555733
9555734
9555735
9555736
9555737
9555738
9555739
9555740
9555741
9555742
9555743
9555744
9555745
9555746
9555747
9555748
9555749
9555750
9555751
9555752
9555753
9555754
9555755
9555756
9555757
9555758
9555759
9555760
9555761
9555762
9555763
9555764
9555765
9555766
9555767
9555768
9555769
9555770
9555771
9555772
9555773
9555774
9555775
9555776
9555777
9555778
9555779
9555780
9555781
9555782
9555783
9555784
9555785
9555786
9555787
9555788
9555789
9555790
9555791
9555792
9555793
9555794
9555795
9555796
9555797
9555798
9555799
9555800
9555801
9555802
9555803
9555804
9555805
9555806
9555807
9555808
9555809
9555810
9555811
9555812
9555813
9555814
9555815
9555816
9555817
9555818
9555819
9555820
9555821
9555822
9555823
9555824
9555825
9555826
9555827
9555828
9555829
9555830
9555831
9555832
9555833
9555834
9555835
9555836
9555837
9555838
9555839
9555840
9555841
9555842
9555843
9555844
9555845
9555846
9555847
9555848
9555849
9555850
9555851
9555852
9555853
9555854
9555855
9555856
9555857
9555858
9555859
9555860
9555861
9555862
9555863
9555864
9555865
9555866
9555867
9555868
9555869
9555870
9555871
9555872
9555873
9555874
9555875
9555876
9555877
9555878
9555879
9555880
9555881
9555882
9555883
9555884
9555885
9555886
9555887
9555888
9555889
9555890
9555891
9555892
9555893
9555894
9555895
9555896
9555897
9555898
9555899
9555900
9555901
9555902
9555903
9555904
9555905
9555906
9555907
9555908
9555909
9555910
9555911
9555912
9555913
9555914
9555915
9555916
9555917
9555918
9555919
9555920
9555921
9555922
9555923
9555924
9555925
9555926
9555927
9555928
9555929
9555930
9555931
9555932
9555933
9555934
9555935
9555936
9555937
9555938
9555939
9555940
9555941
9555942
9555943
9555944
9555945
9555946
9555947
9555948
9555949
9555950
9555951
9555952
9555953
9555954
9555955
9555956
9555957
9555958
9555959
9555960
9555961
9555962
9555963
9555964
9555965
9555966
9555967
9555968
9555969
9555970
9555971
9555972
9555973
9555974
9555975
9555976
9555977
9555978
9555979
9555980
9555981
9555982
9555983
9555984
9555985
9555986
9555987
9555988
9555989
9555990
9555991
9555992
9555993
9555994
9555995
9555996
9555997
9555998
9555999
9556000
9556001
9556002
9556003
9556004
9556005
9556006
9556007
9556008
9556009
9556010
9556011
9556012
9556013
9556014
9556015
9556016
9556017
9556018
9556019
9556020
9556021
9556022
9556023
9556024
9556025
9556026
9556027
9556028
9556029
9556030
9556031
9556032
9556033
9556034
9556035
9556036
9556037
9556038
9556039
9556040
9556041
9556042
9556043
9556044
9556045
9556046
9556047
9556048
9556049
9556050
9556051
9556052
9556053
9556054
9556055
9556056
9556057
9556058
9556059
9556060
9556061
9556062
9556063
9563147
9563148
9563149
9563150
9563151
9563152
9651353
9655418
9655419
9655420
9655421
9655422
9655423
9655424
9655425
9655426
9655427
9655428
9655429
9655430
9655431
9655432
9655433
9655434
9655435
9655436
9655437
9655438
9655439
9655440
9655441
9655442
9655443
9655444
9655445
9655446
9655447
9655448
9655449
9655450
9655451
9655452
9655453
9655454
9655455
9655456
9655457
9655458
9655459
9655460
9655461
9655462
9655463
9655520
9655521
9655522
9655523
9655524
9655525
9655526
9655527
9655528
9655529
9655530
9655531
9655532
9655533
9655534
9655535
9655536
9655537
9655538
9655539
9655540
9655541
9655542
9655543
9655544
9655545
9655546
9655547
9655548
9655549
9655550
9655551
9655552
9655553
9655554
9655555
9655556
9655557
9655558
9655559
9655560
9655561
9655562
9655563
9655564
9655565
9655566
9655567
9655568
9655569
9655570
9655571
9655572
9655573
9692726
9692727
9692728
9692729
9692730
9692731
9692732
9692733
9692734
9725839
9762337
9926533
10023960
10023961
10024166
10088812
10088813
10181228
10181229
10181230
10181231
10181232
10181233
10189311
10189312
10189313
10189314
10189315
10189316
10189317
10189318
10189319
10189320
10189321
10189322
10189323
10189324
10189325
10189326
10189327
10189328
10189329
10189330
10189331
10189332
10189333
10189334
10189335
10189336
10189337
10189338
10189339
10189340
10228471
10230575
10240021
10240022
10240023
10240024
10240025
10240026
10240027
10240028
10240029
10240030
10240031
10240032
10240033
10240034
10240035
10240036
10240037
10240038
10240039
10240040
10240041
10240042
10240043
10240044
10240045
10240046
10240047
10240048
10240049
10240050
10244985
10249212
10292480
10292481
10292482
10292483
10292484
10292485
10361489
10361497
10417206
10417207
10417208
10417226
10436560
10436561
10436562
10436563
10436564
10436565
10436566
10436567
10436568
10436569
10436570
10436571
10436572
10436573
10436574
10436575
10436576
10436577
10436578
10436579
10436580
10436581
10436582
10436583
10436584
10436585
10486866
10516673
10651758
10654118
10691745
10691746
10691747
10832147
10929312
11022113
11022115
11039449
11039451
11124437
11124438
11124439
11129401
11129402
11129403
11129404
11129405
11129406
11129407
11129408
11129409
11129410
11129411
11129412
11129413
11129414
11129415
11129416
11129417
11129418
11129419
11129420
11129421
11129422
11129423
11129424
11129425
11129426
11129427
11129428
11129429
11129430
11129431
11129432
11129433
11129434
11129435
11129436
11129437
11129438
11129439
11129440
11129441
11129442
11129443
11129444
11129445
11129446
11129447
11129448
11129449
11129450
11129451
11129452
11129453
11129454
11129455
11129456
11129457
11129458
11129459
11129460
11129461
11129462
11129463
11129464
11129465
11129466
11129467
11129468
11129469
11129470
11129471
11129472
11129473
11129474
11129475
11129476
11129477
11129478
11129479
11129480
11129481
11129482
11129483
11129484
11129485
11129486
11129487
11129488
11129489
11129490
11129491
11129492
11129493
11129494
11129495
11129496
11129497
11129498
11129499
11129500
11129501
11129502
11129503
11129504
11129505
11129506
11129507
11129508
11129509
11129510
11129511
11129512
11129513
11129514
11129515
11129516
11129517
11129518
11129519
11129520
11129521
11129522
11129523
11129524
11129525
11129526
11129527
11129528
11129529
11129530
11129531
11129532
11129533
11129534
11129535
11129536
11129537
11129538
11129539
11129540
11129541
11129542
11129543
11129544
11129545
11129546
11129547
11129548
11129549
11129550
11129551
11129552
11129553
11152897
11152922
11153451
11153452
11153679
11269434
11338668
11479352
11479360
11479459
11512290
11512291
11512292
11512293
11512294
11512295
11512296
11512297
11512298
11512299
11512300
11512301
11512302
11512303
11512304
11512305
11513132
11513133
11513134
11513135
11513136
11513137
11513138
11513139
11513140
11513141
11513142
11513143
11513144
11513145
11513146
11513147
11513148
11513149
11513150
11513151
11513152
11513153
11513154
11513155
11513156
11513157
11513158
11513159
11513160
11513161
11513162
11513163
11633512
11651189
11658258
11792751
11792756
11792760
11792761
11792763
11954086
12025034
12025612
12033583
12034758
12034829
12120968
12121562
12215729
12253512
12259025
12284164
12284309
12284728
12288112
12288124
12288386
12288431
12288432
12288472
12288592
12288625
12288683
12288805
12288853
12288854
12288860
12289058
12289072
12289083
12289141
12289147
12305539
12305548
12406456
12612899
12618647
12618648
12618649
12618650
12618651
12618652
12618653
12618654
12618655
12618656
12677534
12689971
12697584
12697594
12727859
12727860
12727861
12727862
12727863
12727864
12727865
12727866
12727867
12727868
12727869
12727870
12736603
12740389
12740390
12740391
12740392
12740647
12740652
12740653
12740654
12740655
12740664
12771130
12771131
12781134
12781135
12781136
12781137
12781146
12781147
12869242
12869243
12875991
12875992
12875993
12875994
12875995
12875996
12875997
12875998
13012101
13031784
13032616
13032723
13032724
13032725
13032726
13032727
13032728
13032729
13032731
13032732
13032733
13032734
13152466
13165522
13165608
13165658
13165659
13180086
13189933
13195884
13195885
13195886
13195887
13195888
13195889
13195890
13195891
13195892
13195893
13195895
13195898
13195899
13195901
13195902
13195909
13195913
13195914
13195915
13195916
13195918
13195919
13195920
13195921
13195922
13195923
13195924
13195925
13195926
13195927
13195928
13195929
13195930
13195931
13195932
13195933
13195935
13195936
13195938
13195939
13195940
13195941
13195942
13195943
13195944
13195945
13195947
13195950
13195951
13195952
13195953
13195954
13195955
13195956
13195957
13195958
13195959
13195960
13195961
13195962
13195963
13195964
13195965
13195966
13195967
13195968
13195969
13195970
13195971
13195972
13195973
13195974
13195976
13195977
13195978
13195980
13195982
13195985
13195989
13195990
13195991
13195992
13195993
13195994
13195995
13195996
13195997
13196003
13196004
13196005
13196006
13196007
13196008
13196009
13196011
13196017
13196021
13196034
13196040
13196041
13196043
13196044
13196045
13196049
13379867
13496598
13496599
13496600
13496601
13496602
13496603
13496604
13496605
13496606
13496607
13496608
13496609
13507661
13545691
13545692
13545693
13545694
13545695
13545696
13545697
13545698
13545699
13545700
13545701
13545702
13545703
13545704
13545705
13545706
13545707
13545708
13545709
13545710
13545711
13545712
13545713
13545714
13577969
13577970
13577971
13714830
13714831
13740248
13740249
13740250
13740252
13740253
13740254
13740256
13740257
13740258
13740259
13740260
13740262
13740263
13740264
13740265
13740266
13740267
13740269
13740270
13740271
13740272
13740274
13740275
13740276
13740278
13740279
13740280
13740281
13740283
13740284
13740285
13740286
13740288
13740289
13740290
13740292
13740293
13740294
13740295
13740296
13740297
13740299
13740300
13740301
13740302
13740303
13740304
13740306
13740307
13740308
13740309
13740310
13740311
13740312
13740314
13740315
13740316
13740317
13740318
13740319
13740320
13740321
13740322
13740323
13740324
13740325
13740326
13740327
13740328
13740329
13740330
13740331
13740332
13740333
13740334
13740335
13740336
13740337
13740338
13740339
13740340
13740341
13740342
13740343
13740344
13740345
13740346
13740347
13740348
13740349
13740350
13740351
13740352
13740353
13740354
13740355
13740356
13740357
13740358
13740359
13740360
13740361
13740362
13740363
13740364
13740365
13740366
13740367
13740368
13740369
13740370
13740371
13740372
13740373
13740374
13740375
13740376
13740377
13740378
13740379
13740380
13740381
13740382
13740383
13740384
13740385
13740386
13740387
13740388
13740389
13740390
13740391
13740392
13740393
13740397
13740407
13740410
13740417
13740425
13740431
13780893
13780894
13780895
13780896
13780897
13780898
13780899
13780900
13780901
13780902
13780903
13780904
13855180
13939497
13939498
14085449
14206700
14206701
14206702
14206703
14206704
14206705
14206706
14206707
14206708
14206709
14206710
14224256
14224334
14224336
14224337
14224338
14224339
14224711
14226212
14226213
14226214
14226223
14227183
14227184
14227185
14227186
14227187
14227188
14227200
14227562
14227563
14227564
14227565
14227566
14227567
14227568
14227569
14228280
14341668
14341669
14341670
14341671
14341672
14341673
14341674
14341675
14341676
14341677
14341678
14341679
14341680
14341681
14341682
14341683
14341684
14341685
14341686
14341687
14341688
14341689
14341690
14341691
14381951
14381954
14381955
14389309
14437789
14452421
14452422
14452423
14452424
14452425
14452426
14452427
14452428
14452429
14452430
14452431
14452432
14452433
14452434
14452435
14452436
14452437
14452438
14452439
14452440
14452441
14452442
14452443
14452444
14452445
14452446
14452447
14452448
14452449
14452450
14452451
14452452
14452453
14452454
14452455
14452456
14452457
14452458
14452459
14452460
14452461
14452462
14452463
14452464
14452465
14452466
14452467
14452468
14452469
14452470
14452471
14452472
14452473
14452474
14452475
14452476
14452477
14452478
14452479
14452480
14452481
14452482
14452483
14452484
14452485
14452486
14452487
14452488
14452489
14452490
14452491
14452492
14452493
14452494
14452495
14452496
14452497
14452498
14452499
14452500
14452501
14452502
14452503
14452504
14452505
14452506
14452507
14452508
14452509
14452510
14452511
14452512
14452513
14452514
14452515
14452516
14452517
14452518
14452519
14452520
14452521
14452522
14452523
14452524
14452525
14452526
14452527
14452528
14452529
14452530
14452531
14452532
14452533
14452534
14452535
14452536
14452537
14452538
14452539
14452540
14452541
14452542
14452543
14452544
14452545
14452546
14452547
14452548
14452549
14452550
14452551
14452552
14452553
14452554
14452555
14452556
14452557
14452558
14452560
14452561
14452563
14452564
14452565
14452567
14452568
14452570
14452571
14452572
14452574
14452575
14452576
14452577
14452578
14452579
14452580
14452581
14452582
14452583
14452584
14452585
14452586
14452587
14452588
14452589
14452590
14452591
14452592
14452593
14452594
14452595
14452596
14452597
14452598
14452599
14452600
14452601
14452602
14452603
14452604
14452605
14452606
14452607
14452608
14452609
14452610
14452611
14452612
14452613
14452614
14452615
14452616
14452617
14452618
14452619
14452620
14452621
14452622
14452623
14452624
14452625
14452626
14452627
14452628
14452629
14452630
14452631
14452632
14452633
14452634
14452635
14452636
14452637
14452638
14452639
14452640
14452641
14452642
14452643
14452644
14452645
14452646
14452647
14452648
14452649
14452650
14452651
14452652
14452653
14452654
14452655
14452656
14452657
14452658
14452659
14452660
14452661
14452662
14452663
14452664
14452665
14452666
14452667
14452668
14452669
14452670
14452671
14452672
14452673
14452674
14452675
14452676
14452677
14452678
14452679
14452680
14452681
14452682
14452683
14452684
14452685
14452686
14452687
14452688
14452689
14452690
14452691
14452692
14452693
14452694
14452695
14452696
14452697
14452698
14452699
14452700
14452701
14452729
14452730
14452731
14452732
14452733
14452734
14452735
14452736
14452737
14452738
14452739
14452740
14452741
14452742
14452743
14452744
14452745
14452746
14452747
14452748
14452749
14452750
14452751
14452752
14452753
14452754
14452755
14452756
14452757
14452758
14452759
14452760
14452761
14452762
14452763
14452764
14452765
14452766
14452767
14452768
14452769
14452770
14452771
14452772
14452773
14452774
14452775
14452776
14452777
14452778
14452779
14452780
14452781
14452782
14452783
14452784
14452785
14452786
14452787
14452788
14452789
14452790
14452791
14452792
14452793
14452794
14452795
14452796
14452797
14452798
14452799
14452800
14452801
14452802
14452803
14452804
14452805
14452806
14452807
14452808
14452809
14452810
14452811
14452812
14452813
14452814
14452815
14452816
14452817
14452818
14452819
14452820
14452821
14452822
14452823
14452824
14452825
14452826
14452827
14452828
14452829
14452830
14452831
14452832
14452833
14452834
14452835
14452836
14452837
14452838
14452839
14452840
14452841
14452842
14452843
14452844
14452845
14452846
14452847
14452848
14452849
14452850
14452851
14452852
14452853
14452854
14452855
14452856
14452857
14452858
14452859
14452860
14452861
14452862
14452863
14452864
14452865
14452866
14452867
14452868
14452869
14452870
14452871
14452872
14452873
14452874
14452875
14452876
14452877
14452878
14452879
14452880
14452881
14452882
14452883
14452884
14452885
14452886
14452887
14452888
14452889
14452890
14452891
14452892
14452893
14452894
14452895
14452896
14452897
14452898
14452899
14452900
14452901
14452902
14452903
14452904
14452905
14452906
14452907
14452908
14452909
14452910
14452911
14452912
14452913
14452914
14452915
14452916
14452917
14452918
14452919
14452920
14452921
14452922
14452923
14452924
14452925
14452926
14452927
14452928
14452929
14452930
14452931
14452932
14452933
14452934
14452935
14452936
14452937
14452938
14452939
14452940
14452941
14542043
14542044
14542045
14542046
14542047
14542048
14542049
14542050
14542051
14542052
14542053
14542054
14542055
14542056
14542057
14542058
14542059
14542060
14542061
14542062
14542063
14542064
14542065
14542066
14542067
14542068
14542069
14542070
14542071
14542072
14542073
14542074
14542075
14542076
14542077
14542078
14542079
14542080
14542081
14542082
14542083
14542084
14542085
14542086
14542087
14542088
14542089
14542090
14542091
14542092
14542093
14542094
14542095
14542096
14542097
14542098
14542099
14542100
14542101
14542102
14542103
14542104
14542105
14542106
14542107
14542108
14542109
14542110
14542111
14542112
14542113
14542114
14542115
14542116
14542117
14542118
14542119
14542120
14542121
14542122
14542123
14542124
14542125
14542126
14542127
14542128
14542129
14542130
14542131
14542132
14542133
14542134
14542135
14542136
14542137
14542138
14542139
14542140
14542141
14542142
14542143
14542144
14542145
14542146
14542147
14542148
14542149
14542150
14542151
14542152
14542153
14542167
14542168
14542169
14542170
14542171
14542172
14542173
14542174
14542175
14542218
14542219
14542220
14542221
14542222
14542223
14542224
14542225
14542226
14542227
14542228
14542229
14542235
14542236
14542237
14542238
14542239
14542240
14542241
14542242
14542243
14542244
14542245
14542246
14542247
14542248
14542249
14542250
14542251
14542252
14542253
14542254
14542255
14542256
14542257
14542276
14542277
14542278
14542279
14542280
14542281
14542362
14542363
14542364
14542365
14542366
14542367
14542368
14542369
14542370
14542371
14542372
14542373
14542374
14542376
14542377
14542378
14542379
14542380
14542381
14542382
14542383
14542384
14542385
14542386
14542396
14542397
14542398
14542399
14542400
14542401
14542402
14542403
14542404
14542405
14542406
14542407
14542408
14542409
14542410
14542411
14542412
14542413
14542414
14542415
14542416
14542417
14542418
14542419
14542420
14542421
14542422
14542423
14542424
14542425
14542426
14542427
14542428
14542429
14542430
14542431
14542432
14542433
14542434
14542435
14542436
14542437
14542438
14542439
14542440
14542441
14542442
14542443
14542444
14599723
14599748
14599749
14599750
14599751
14599752
14599753
14599757
14599773
14599781
14599782
14599791
14599792
14599809
14609491
14614890
14770793
14770794
14770795
14770796
14770797
14770798
14791991
14791992
14791993
14791994
14791995
14791996
14791997
14791998
14791999
14792000
14792001
14792002
14854760
14854761
14854764
14908249
14908270
14908284
14908292
14916290
14930921
15043218
15098417
15098418
15098419
15098420
15098421
15098422
15098423
15098424
15098425
15098426
15098427
15098428
15098429
15196490
15395492
15579862
15591859
15592202
15665390
15665391
15665392
15665393
15671180
15671181
15903126
15903127
15915670
15924607
15927544
15927673
16047332
16047465
16052146
16052147
16052148
16052149
16052150
16052151
16052152
16052153
16052154
16052155
16052156
16052157
16052158
16052159
16052160
16052161
16066000
16066001
16094343
16094344
16114616
16114617
16114618
16121619
16121620
16121621
16121622
16121623
16121624
16237030
16237043
16237050
16237056
16237826
16237876
16237900
16237943
16238274
16278035
16278043
16278110
16278127
16278276
16278292
16391936
16428191
16428192
16439296
16439405
16484333
16581738
16581739
16581969
16581970
16581971
16581972
16605514
16605515
16605516
16605517
16605518
16605519
16605520
16605521
16605522
16605523
16605524
16605530
16605531
16605532
16712014
16712015
16712016
16712017
16712018
16712019
16712020
16712021
16712022
16826988
16882262
16882263
16882264
16882265
16882266
16882267
16882268
16882269
16882271
16882272
16882273
16882274
16882275
16882276
16882277
16882278
16882279
16882290
16885796
16885797
16885798
16885799
16885800
16885801
16885802
16885803
16885804
16885805
16885806
16885807
16885808
16885809
16885810
16885811
16885812
16885813
16885814
16885815
16885816
16885817
16885818
16885819
16885820
16885821
16885822
16885823
16885824
16885825
16885826
16885827
16885828
16885829
16885830
16885836
16885837
16885838
16885839
16885840
16885841
16885842
16885849
16885850
16885851
16885852
16933108
16933109
16933110
16933111
16933112
16933113
16933114
16933115
16933116
16933117
16933118
16933119
16933120
16933121
16933122
16933123
16933124
16933125
16933126
16933127
16933128
16933129
16933130
16933131
16933132
16933133
16933134
16933135
16933136
16933137
16933138
16933139
16933140
16933141
16933142
16933143
16933144
16933145
16933146
16933147
16933148
16933149
16933150
16933151
16933152
16933153
16933154
16933155
16933156
16933157
16933158
16933159
16933160
16933161
16933162
16933163
16933164
16933165
16933166
16933167
16933168
16933169
16933170
16933171
16977084
17023443
17023566
17023575
17034053
17034054
17034055
17034056
17034057
17068906
17083263
17083265
17146248
17146459
17147434
17147680
17278557
17284726
17393075
17393076
17393077
17393078
17673832
17832166
17838827
17838832
17838833
17850087
17868486
17884782
17884783
18011401
18044286
18075960
18094177
18244803
18248210
18248211
18248551
18294710
18309411
18532840
18532841
18532842
18532843
18532844
18532845
18532846
18532847
18649709
18654913
18740726
18806531
18806532
18817590
18822492
18822566
18822625
18915227
18970121
19067894
19068034
19068161
19068587
19068630
19068847
19068848
19069219
19069274
19069556
19069639
19069812
19070009
19111265
19267609
19292336
19432966
19471308
19471309
19471310
19471311
19665368
19679079
19707557
19707560
19707760
19708071
19708325
19708410
19708749
19717209
19717210
19717211
19717212
19717213
19717214
19717215
19717216
19717217
19717218
19717219
19717220
19717221
19717222
19717223
19717224
19717225
19717226
19717227
19717228
19717229
19717230
19717231
19717232
19813349
19813350
19813351
19813352
19813353
19813354
19813355
19855333
19855357
19855362
19855369
19948364
19948388
19948393
19948400
20179461
20183249
20183250
20312879
20312881
20322148
20434444
20490809
20518395
20606429
20717770
20717771
20717772
20717773
20717774
20717775
20717776
20717777
20717778
20717779
20717780
20717781
20717782
20717783
20717784
20717785
20717786
20717787
20717788
20717789
20717790
20717791
20717792
20717793
20717794
20717795
20717796
20717797
20717798
20717799
20717800
20717801
20717802
20750477
20750478
20750479
20750480
20750481
20750482
20750483
20750484
20750485
20750486
20750487
20750488
20750489
20750490
20750491
20750492
20750493
20750494
20750495
20750496
20750497
20750498
20750499
20750500
20750501
20750502
20750503
20750504
20750505
20750506
20750507
20750508
20750509
20799462
20822750
20822751
20822752
20822753
20822754
20822755
20822756
20822757
20822758
20822759
20822760
20822761
20822762
20822763
20822764
20822765
20822766
20822767
20822768
20822769
20822770
20822771
20822772
20822773
20822774
20822775
20822776
20822777
20841751
20842193
20962145
21238140
21238141
21238142
21238143
21454083
21454084
21454085
21454086
21528984
21572715
22401636
22503690
22812162
22964141
23013827
23013828
23013829
23013830
23013831
23013832
23013833
23013834
23013835
23013836
23013837
23029410
23029417
23037928
23038775
23038781
23038788
23038869
23038871
23082235
23082236
23082237
23082238
23082239
23082240
23082241
23082242
23082243
23082244
23082245
23082246
23082247
23082248
23082249
23480234
23480235
23480237
23552308
23560408
23560442
23560443
23560444
23753993
23765212
23765213
23765214
23765215
23765216
23765217
23765218
23765219
23765220
23765221
23765222
23765223
23765224
23765225
23765226
23765227
23765228
23765229
23843557
23930751
24115134
24115135
24115136
24115137
24115138
24115139
24115140
24115141
24115142
24115143
24115144
24115145
24115146
24115147
24115148
24115149
24115150
24115151
24405177
24624793
24624794
24624795
24624796
24624797
24624798
25042864
25042865
25064067
25409858
25409859
25409860
25409861
25409862
25409863
25409864
25409865
25409866
25409867
25409868
25409869
25409870
25409871
25409872
25409873
25409874
25409875
25409876
25409877
25409878
25409879
25409880
25409881
25409882
25409883
25409884
25409885
25409886
25409887
25409888
25815049
26335973
26335974
26335975
26335976
26335977
26368380
26368381
26814321
26870984
26894067
27117403
27117404
27117405
27177300
27302474
27655480
27749225
27749445
27749446
27749447
27749448
27749449
27749450
27749451
27749452
27749453
28058261
28171611
28658868
28815266
28918788
28918789
28918791
29162767
29162784
29163649
29163703
29200640
29204966
29204981
29209721
29332582
29332641
29359833
29359834
29359835
29359836
29359837
29359838
29489343
29489344
29489345
29489346
29489347
29489348
29489349
29489350
29489351
29593163
29612879
29774979
29774980
29774981
29774982
30109705
30109733
30116956
30116957
30176337
30176338
30176349
30176354
30176355
30176356
30254983
30281368
30429027
30429028
30429029
30429030
30429031
30429032
30429033
30429034
30429035
30465708
30465709
30465710
30465711
30465712
30465713
30465714
30465715
30465716
30465717
30465718
30465719
30465720
30465721
30465722
30465723
30465724
30465725
30465726
30465727
30465728
30465729
30465730
30465731
30465732
30465734
30465735
30465736
30465737
30465738
30465739
30465740
30465741
30465742
30465743
30465744
30465745
30465746
30465747
30465748
30465749
30465750
30465751
30465752
30465753
30465754
30465755
30465756
30465757
30465758
30465759
30465760
30465761
30465762
30465763
30465764
30465822
30465823
30465824
30465825
30465826
30465827
30465828
30465829
30465830
30465831
30465832
30465833
30465834
30465835
30465836
30465837
30465838
30465839
30465840
30465841
30465842
30465843
30465844
30465845
30465846
30465847
30465848
30465849
30465850
30465851
30465852
30465853
30465971
30465972
30465973
30465974
30465975
30465976
30465977
30465978
30465979
30465980
30465981
30465982
30465983
30465984
30465985
30465986
30465987
30465988
30465989
30465990
30465991
30465992
30465993
30465994
30478420
30478421
30495859
30525102
30525160
30525161
30525456
30525495
30525588
30594664
30938937
30961419
31048060
31048130
31048301
31048520
31048521
31049108
31049429
31049430
31049431
31049444
31049445
31049446
31049447
31049448
31049449
31049450
31049452
31049453
31049454
31049455
31049496
31051806
31051898
31052614
31109966
31109967
31109968
31109987
31109988
31109989
31109990
31109991
31109992
31109993
31109994
31109995
31156850
31203359
31203360
31203361
31203362
31203363
31203364
31232696
31382701
31382702
31382703
31382704
31382705
31382706
31382707
31382708
31382709
31382710
31382711
31382712
31382713
31382714
31382715
31382716
31382717
31382718
31382719
31382720
31382721
31382722
31382723
31382724
31382725
31382726
31382727
31382728
31435660
31435662
31521831
31521832
31539759
31539807
31539808
31633286
31633287
31633288
31728407
31728408
31728409
31728410
31728411
31728412
31779958
31806792
31806793
31806794
31806795
31806796
31806797
31806798
31806799
31806800
31806801
31806802
31806803
31806804
31806827
31806828
31806829
31806830
31806831
31806832
31806833
31806834
31806835
31806836
31806837
31806838
31806839
31806840
31806841
31806842
31806843
31806844
31806845
31806846
31806847
31806848
31806849
31806850
31806851
31865391
31865392
31865393
31865394
31865395
31865396
31865397
31865398
31865399
31865400
32082665
32082666
32250483
32250484
32250485
32250486
32250487
32250488
32479473
32479474
32479475
32479476
32479477
32479478
32479485
32479486
32479487
32479488
32479489
32479490
32479491
32479492
32479493
32479494
32479495
32479496
32479503
32479504
32479505
32479506
32479507
32479508
32736826
32793475
32793502
32818179
32951232
32951233
32951234
32951235
33242656
33373513
33406889
33406916
33481884
33628862
33729310
33776800
33776801
33776802
33776803
33776804
33776805
33776806
33776807
33776808
33794722
33794723
33794766
33794767
33794771
33794772
33960720
33960722
33988074
33988075
33988076
33988077
33988078
33988079
34068130
34068131
34068132
34068133
34068134
34068135
34068136
34068137
34068138
34068139
34138505
34138506
34138507
34138508
34179450
34179451
34179452
34263333
34275985
34275986
34275987
34299704
34299705
34299706
34299707
34299708
34299709
34299710
34299711
34299712
34299713
34299714
34299715
34299716
34299717
34299718
34299719
34299720
34299721
34299722
34299723
34299724
34299725
34299726
34299727
34299728
34299729
34299890
34299918
34316553
34316566
34319419
34331006
34331007
34340078
34351096
34351100
34895652
34999137
34999138
34999139
34999140
34999141
34999142
34999143
34999144
34999145
34999146
34999147
34999148
34999149
34999150
34999151
34999152
34999153
34999154
34999155
34999156
34999157
35018099
35018100
35018101
35018102
35018103
35018104
35018105
35018106
35018107
35018108
35018109
35018110
35018111
35018112
35018113
35018114
35018115
35018116
35018117
35018118
35018119
35018120
35018121
35018122
35018123
35018124
35018125
35018126
35018127
35018128
35018129
35018130
35018131
35018132
35018133
35018134
35018135
35018136
35018137
35018138
35018139
35018140
35018141
35018142
35018143
35018144
35018145
35018146
35018147
35018148
35018149
35018150
35018151
35018152
35018153
35018154
35018155
35018156
35018157
35018158
35018159
35018160
35018161
35018162
35018163
35018164
35027177
35072475
35072476
35072477
35072478
35072479
35072480
35131757
35131758
35131759
35131760
35191391
35191392
35191393
35191394
35191395
35191396
35191397
35191398
35191399
35191400
35191401
35191402
35301204
35326250
35326251
35326564
35326565
35326566
35326567
35326568
35326569
35347205
35367788
35531629
35531935
35564853
35564854
35564855
35570584
35579189
35826658
35826659
35826660
35826661
35826662
35826663
35826664
35826665
35826666
35826667
35826668
35826669
35826670
35826671
35826672
35826673
35826674
35826675
35826676
35826677
35826678
35826679
35826680
35826681
35826682
35826683
35826684
35826685
35826686
35826687
35826688
35826689
35826690
35826691
35826692
35826693
35826694
35826695
35826696
35826697
35826698
35826699
35826700
35826701
35826702
35826703
35826704
35826705
35826706
35826707
35826708
35826709
35826710
35826711
35826712
35826713
36377856
36377859
36377860
36377861
36688593
36702605
36702606
36702607
36702608
36744140
36744141
36744142
36744143
36744144
36948865
36948866
36948867
36948868
36948869
36948870
36948871
36948872
36948873
36948874
36948875
36948876
36948877
36948878
36948879
36948880
36948881
36948882
36948883
36948884
36948885
36948886
36948887
37150054
37150079
37182839
37182840
37182841
37182842
37188591
37217098
37231848
37283993
37297850
37346394
37346395
37346396
37346397
37346398
37346399
37350764
37350765
37350782
37350783
37404454
37433687
37433688
37433689
37433690
37433691
37433692
37433693
37433694
37433695
37433696
37433697
37433698
37433699
37433700
37433701
37433702
37433703
37433704
37433705
37433706
37433707
37433708
37433709
37433710
37433711
37433712
37433713
37433714
37433715
37433716
37433717
37433718
37433719
37433720
37433721
37433722
37433723
37433724
37433725
37433726
37433727
37433728
37433729
37433730
37433731
37433732
37433733
37433734
37433735
37433736
37433737
37433738
37433739
37433740
37433741
37433742
37433743
37433744
37433745
37433746
37433747
37433748
37433749
37433750
37433751
37433752
37433753
37433754
37433755
37433756
37433757
37433758
37433759
37433760
37433761
37433762
37433763
37433764
37433765
37433766
37433767
37433768
37433769
37433770
37433771
37433772
37433773
37433774
37433775
37433776
37433777
37433778
37433779
37433780
37433781
37433782
37433783
37433784
37433785
37433786
37433787
37433788
37433789
37433790
37433791
37433792
37433793
37433794
37433795
37433796
37433797
37433798
37433799
37433800
37433801
37433802
37433803
37433804
37433805
37542016
37542033
37601608
37602228
37603417
37702013
37702018
37702019
37711865
37712956
37765940
37875423
37887597
37887598
38023118
38031269
38072177
38105983
38105984
38105985
38105986
38105987
38105988
38105989
38105990
38105991
38105992
38105993
38105994
38105995
38105996
38105997
38105998
38147228
38181134
38181135
38181136
38181137
38181138
38181139
38181140
38181141
38181142
38181143
38181144
38181145
38181146
38181147
38181148
38181149
38181150
38181151
38181152
38181153
38181154
38181155
38181156
38181157
38181158
38181159
38181160
38181161
38181162
38181163
38181164
38181165
38181166
38181167
38181168
38181169
38181170
38181171
38181172
38181173
38181174
38181175
38181176
38181177
38181178
38181179
38181180
38181181
38181182
38181183
38181184
38181185
38181186
38181187
38181188
38181189
38181190
38181191
38181192
38181193
38181194
38181195
38181196
38181197
38181198
38181199
38181200
38181201
38181202
38181203
38181204
38181205
38181206
38181207
38181208
38181209
38181210
38181211
38181212
38181213
38181214
38181215
38181216
38181217
38181218
38181219
38181220
38181221
38181222
38181223
38181224
38181225
38181226
38181227
38181228
38181229
38181230
38181231
38181232
38181233
38181234
38181235
38181236
38181237
38181238
38181239
38181240
38181241
38181242
38181243
38181244
38181245
38181246
38181247
38181248
38181249
38181250
38181251
38181252
38181253
38181254
38181255
38181256
38181257
38181258
38181259
38181260
38181261
38181262
38181263
38181264
38181265
38181266
38181267
38181268
38181269
38181270
38181271
38181272
38181273
38181274
38181275
38181276
38181277
38181278
38181279
38181280
38181281
38181282
38181283
38181284
38181285
38181286
38181287
38181288
38181289
38181290
38181291
38181292
38181293
38181294
38181295
38181296
38181297
38181298
38181299
38181300
38181301
38181302
38181303
38181304
38181305
38181306
38181307
38181308
38181309
38181310
38181311
38181312
38181313
38181314
38181315
38181316
38181317
38181318
38181319
38181320
38181321
38181322
38181323
38181324
38181325
38181326
38181327
38181328
38181329
38181330
38181331
38181332
38181333
38181334
38181335
38181336
38181337
38181338
38181339
38181340
38181341
38181342
38181343
38181344
38181345
38181346
38181347
38181348
38181349
38181350
38181351
38181352
38181353
38181354
38181355
38181356
38181357
38181358
38181359
38181360
38181361
38181362
38181363
38181364
38181365
38181366
38181367
38181368
38181369
38181370
38181371
38181372
38181373
38181374
38181375
38181376
38181377
38181378
38181379
38181380
38181381
38181382
38181383
38181384
38181385
38181386
38181387
38181388
38181389
38181390
38181391
38181392
38181393
38181394
38181395
38181396
38181397
38181398
38181399
38181400
38181401
38181402
38181403
38181404
38181405
38181406
38181407
38181408
38181409
38181410
38181411
38181412
38181413
38181414
38181415
38181416
38181417
38181418
38181419
38181420
38181421
38181422
38181423
38181424
38181425
38181426
38181427
38181428
38181429
38181430
38181431
38181432
38181433
38181434
38181435
38181436
38181437
38181438
38181439
38181440
38181441
38181442
38181443
38181444
38181445
38181446
38181447
38181448
38181449
38181450
38181451
38181452
38181453
38181454
38181455
38181456
38181457
38181458
38181459
38181460
38181461
38181462
38181463
38181464
38181465
38181466
38181467
38181468
38181469
38181470
38181471
38181472
38181473
38181474
38181475
38181476
38181477
38181478
38181479
38181480
38181481
38181482
38181483
38181484
38181485
38181486
38181487
38181488
38181489
38181490
38181491
38181492
38181493
38181494
38181495
38181496
38181497
38181498
38181499
38181500
38181501
38181502
38181503
38181504
38181505
38181506
38181507
38181508
38181509
38181510
38181511
38181512
38181513
38181514
38181515
38181516
38181517
38181518
38181519
38181520
38181521
38181522
38181523
38181524
38181525
38181526
38181527
38181528
38181529
38288734
38288737
38288739
38288745
38338163
38338166
38338167
38338168
38338171
38338172
38338176
38338177
38338182
38338183
38338184
38338188
38338201
38338202
38338203
38338205
38338206
38338207
38338208
38338209
38338210
38338211
38338212
38338213
38562722
38609068
38766271
38790923
39052380
39052381
39052382
39052383
39052384
39052385
39052386
39052387
39052388
39052389
39052390
39052391
39095042
39095090
39095091
39152832
39152833
39152834
39152835
39152836
39152837
39152838
39152839
39327679
39380189
39380220
39475474
39475475
39475476
39475477
39475478
39475479
39475480
39475481
39477508
39513319
39513398
39625729
39625730
39625731
39625732
39625733
39625734
39625735
39625736
39625737
39625738
39625739
39625740
39625741
39625742
39625743
39625744
39625745
39625746
39625747
39625748
39625749
39625750
39625751
39625752
39625753
39625754
39625755
39625756
39625757
39625758
39625759
39625760
39625761
39625762
39625763
39625764
39625765
39625766
39625767
39625768
39625769
39625770
39625771
39625772
39625773
39625774
39625775
39625776
39625777
39625778
39625779
39625780
39625781
39625782
39625783
39625784
39625785
39625786
39625787
39625788
39625789
39625790
39625791
39625792
39625793
39625794
39625795
39625796
39625797
39625798
39625799
39625800
39625801
39625802
39625803
39625804
39625805
39625806
39625807
39625808
39625809
39625810
39625811
39625812
39625813
39625814
39625815
39625816
39625817
39625818
39625819
39625820
39625821
39625822
39625823
39625824
39625825
39625826
39625827
39625828
39625829
39625830
39625831
39625832
39625833
39625834
39625835
39625836
39625837
39625838
39642347
39642348
39642349
39642350
39642351
39642352
39642353
39642354
39642355
39642356
39642357
39642358
39642359
39642360
39642361
39642362
39642363
39642364
39642365
39642366
39642367
39642368
39642369
39642370
39642371
39642372
39642373
39642374
39642375
39642376
39642377
39642378
39642379
39642380
39739673
39832738
39832739
39832740
39832741
39832742
39832743
39905135
39905136
39905137
39905138
39905139
39905140
39905141
39905142
39905143
39905144
39905145
39905146
39905147
39905148
39905149
39959339
40020743
40204543
40226258
40227631
40227825
40227826
40232185
40232841
40264457
40295613
40354448
40370209
40370210
40370211
40370212
40370213
40370214
40466314
40466315
40466316
40466317
40466318
40466319
40556835
40556838
40556840
40556841
40556844
40556846
40556847
40556849
40556851
40568328
40650805
40712741
40712803
41013431
41019172
41025746
41095649
41098374
41325027
41325165
41424290
41477570
41477571
41477572
41477573
41477574
41491548
41513550
41513643
41551857
41551865
41551867
41603517
41603518
41603519
41603520
41603521
41603522
41603523
41603524
41603525
41603526
41603527
41603528
41603529
41603530
41603532
41603542
41603543
41603544
41603545
41603546
41603547
41603548
41603549
41603550
41603551
41603552
41603553
41603554
41603555
41603556
41603557
41603563
41603564
41603565
41603566
41603567
41603568
41603569
41603570
41603571
41603572
41603573
41603574
41603575
41603576
41603577
41603580
41603581
41603582
41603583
41603584
41603585
41603586
41603590
41603591
41603592
41603593
41632361
41632362
41651209
41651218
41663660
41663661
41663662
41663663
41663664
41663665
41663666
41663667
41663668
41663669
41663670
41663671
41809004
41809005
41809006
41810901
41810902
41810903
41992724
41992726
41992731
41992735
42036865
42036866
42036867
42036868
42036869
42036870
42036871
42037748
42037749
42037750
42046332
42100740
42100741
42100742
42100743
42100744
42100745
42100746
42100747
42100748
42166998
42431389
42431390
42431391
42493720
42720755
42720781
42825035
42863553
42865265
42865267
42865273
42865366
42865373
42865389
42882018
42882044
42882045
42882510
42882539
42909340
42909343
42911459
42911460
42911461
42911462
42911463
42911464
42927920
42927921
42927922
42927923
42927924
42927925
42927926
42927927
42927928
42992203
43041849
43059208
43188567
43227134
43227135
43227136
43227137
43227138
43281746
43283364
43284578
43322766
43322767
43322768
43322769
43379514
43379515
43410006
43428451
43455502
43499049
43499050
43535982
43573504
43790881
43790882
43790883
43790884
43790885
43790886
43790887
43790888
43790889
43790890
43790891
43790892
43790893
43790894
43790895
43790896
43790897
43790898
43790899
43790900
43790901
43790902
43790903
43790904
43790905
43790906
43790907
43790908
43790909
43790910
43790911
43790912
43790913
43790914
43790915
43790916
43790917
43790918
43790919
43790920
43790921
43790922
43790923
43790924
43790925
43790926
43790927
43790928
43790929
43790930
43790931
43790932
43790933
43790934
43790935
43790936
43790937
43790938
43790939
43790940
43790941
43790942
43790943
43790944
43790945
43790946
43790947
43790948
43790949
43790950
43790951
43790952
43790953
43790954
43790955
43790956
43790957
43790958
43790959
43790960
43790961
43790962
43790977
43790978
43790979
43790980
43790981
43790982
43790983
43790984
43790985
43790986
43790987
43790988
43790989
43790990
43790991
43790992
43790993
43790994
43790995
43790996
43790997
43790998
43790999
43791000
43791001
43791002
43791003
43791004
43791005
43791006
43791007
43791008
43791009
43791010
43791011
43791012
43791013
43791014
43791015
43791016
43791017
43791018
43791019
43791020
43791021
43791022
43791023
43791024
43791025
43791026
43791027
43791028
43791029
43791030
43791031
43791032
43791033
43791034
43791035
43791036
43791037
43791038
43791039
43791040
43791041
43791042
43791043
43791044
43791045
43821195
43821196
43821197
43821198
43821199
43821200
43821201
43821202
43821203
43821204
43821205
43821206
43821207
43821208
43821209
43821210
43821211
43821212
43900575
43900576
43900577
43900578
43900579
43900580
43900581
43900582
43900583
43900584
43900585
43900586
43900587
43900588
43900589
43900590
43900591
43900592
43900593
43900594
43900595
43900596
43900597
43900598
43900599
43900600
43900601
43900602
43900603
43900604
43900605
43900606
43900607
43900608
43900609
43900610
43900612
43900613
43900614
43900615
43900616
43900617
43900618
43900632
43900633
43900642
43900643
43900644
43900645
43900646
43900647
43900648
43900649
43900650
43900651
43900652
43900653
43900654
43900655
43900656
43900657
43900658
43900659
43900660
43900661
43900662
43900663
43900664
43900665
43900666
43900667
43900668
43900669
43900670
43900671
43900672
43900673
43900674
43900675
43900676
43900677
43900678
43900679
43900680
43900681
43900682
43900683
43900684
43900685
43900686
43900687
43900688
43900689
43900690
43900691
43900692
43900693
43900694
43900695
43900696
43900697
43900698
43900699
43900700
43900701
43900702
43900703
43900704
43900705
43900706
43900707
43900708
43900709
43900710
43900711
43900712
43900713
43900714
43900715
43900716
43900717
43900718
43900719
43900720
43900721
43900722
43900723
43900724
43900725
43900726
43930680
43930681
43930682
43930683
43930684
43930685
43930686
43930687
43930688
43930689
43930690
43930691
43930692
43930693
43930694
43930695
43930696
43930697
43930698
43930699
43930700
43930701
43930702
43930703
43930704
43931289
43968583
43971157
43979448
43979449
43979450
43979451
43979452
43979453
43979454
43979455
43979456
43979457
43979458
43979459
43979460
43979461
43979462
43979463
43979464
43979465
43979466
43979467
43979468
43979469
43979470
43979471
43979472
43979473
43979474
43979475
43979476
43979477
43979478
43979479
43979480
43979481
43979482
43979483
43979484
43979485
43979486
43979487
43979488
43979489
43979490
43979491
43979492
43979493
43979494
43979495
43996986
43997037
43997038
43997151
43997185
43997186
43997501
43998190
44016694
44016696
44319826
44319827
44319828
44319829
44319830
44319831
44319832
44319833
44319834
44319835
44319836
44319837
44355634
44355635
44355636
44355637
44355638
44355639
44355640
44355641
44355642
44357919
44485388
44585253
44585979
44586138
44586539
44623302
44623435
44623438
44623439
44626737
44652939
44656281
44656282
44673088
44673089
44673090
44684884
44684892
44687925
44688598
44689927
44690189
44691707
44692698
44692733
44717179
44717180
44717181
44717182
44717183
44717184
44717185
44717186
44717187
44717188
44717189
44717190
44717191
44717192
44717193
44717194
44717195
44717196
44717197
44717199
44717200
44717201
44717202
44717203
44717204
44717205
44717206
44717207
44717208
44717209
45085938
45085939
45085940
45085941
45131364
45131442
45182440
45569233
45569241
45569242
45569243
45569244
45569245
45569250
45569254
45569259
45569262
45569264
45569265
45569267
45569275
45569287
45569292
45569293
45569294
45569295
45569296
45569297
45569298
45569300
45569301
45569302
45569303
45569304
45569305
45569306
45569307
45569308
45569309
45569310
45569311
45569312
45569313
45569314
45569315
45569316
45569317
45569318
45569319
45569320
45569321
45569322
45569323
45569324
45569325
45569326
45569328
45569330
45569331
45569335
45569338
45569348
45569349
45569350
45569351
45569352
45569353
45569354
45569355
45569356
45569357
45569358
45569359
45569360
45569361
45675545
45705565
45705566
45705567
45705568
45705569
45705570
45705571
45705572
45705573
45705574
45705575
45705576
45705577
45705578
45705579
45705580
45712692
45712694
45772341
45772342
45772343
45772344
45772345
45772346
45872821
45905275
46018766
46076800
46076801
46088002
46088082
46089480
46104535
46104579
46104745
46123643
46133625
46133626
46133627
46133628
46133629
46133630
46133631
46133632
46133633
46223505
46223506
46223507
46223508
46223509
46223510
46223511
46223512
46223513
46239858
46289952
46535311
46535312
46535313
46535314
46535315
46535316
46535317
46535318
46535319
46535320
46535321
46535322
46535323
46535324
46535325
46535326
46543801
46543802
46543803
46543804
46543805
46543806
46543807
46543808
46543809
46543810
46543811
46543812
46543815
46543817
46543818
46543819
46543820
46543821
46543823
46543824
46543825
46543826
46543827
46543828
46543830
46543831
46543832
46543833
46543834
46543835
46543836
46543838
46543841
46543842
46543843
46543846
46543847
46543848
46543849
46543850
46543851
46543852
46543854
46543855
46543856
46543857
46543858
46543859
46543862
46543864
46543865
46543866
46543867
46543870
46543871
46543872
46543873
46543874
46543876
46543877
46543878
46543879
46543880
46543881
46543882
46543885
46543886
46543887
46543888
46543889
46543890
46543891
46543892
46543893
46543894
46543895
46543896
46543897
46543898
46543899
46543900
46543901
46543902
46543903
46543904
46543905
46543906
46543907
46543908
46543909
46543911
46543913
46543915
46543916
46543918
46543919
46543924
46543927
46543930
46543932
46543935
46543941
46543946
46543948
46543949
46543950
46543951
46543952
46543953
46543954
46543956
46543957
46543960
46543961
46543962
46543963
46543964
46543965
46543966
46543967
46543968
46543969
46543970
46543972
46543973
46543974
46543976
46543979
46543980
46543988
46543999
46544004
46544005
46544025
46544026
46544027
46544029
46544030
46544032
46544033
46544037
46544038
46544039
46544040
46544041
46544043
46544044
46544045
46544046
46544047
46544051
46544063
46544066
46544071
46544073
46544081
46544083
46544084
46544085
46544087
46544088
46544089
46544090
46544091
46544092
46544093
46544095
46544096
46544097
46544098
46544099
46544100
46544101
46544102
46544103
46544104
46544105
46544108
46544109
46544111
46544114
46544115
46544119
46544122
46544124
46544125
46544127
46544141
46544150
46544151
46544152
46544154
46544163
46544169
46544172
46544180
46544181
46544184
46544185
46544186
46544190
46544196
46544198
46544199
46544202
46544204
46544206
46544214
46544216
46544218
46544219
46544220
46544221
46544222
46544227
46544228
46544229
46544230
46544231
46544232
46544233
46544234
46544235
46544236
46544237
46544238
46544239
46544240
46544241
46544244
46544245
46544246
46544250
46544253
46544254
46544256
46544257
46544259
46544260
46544261
46544262
46544263
46544264
46544265
46544266
46544267
46544269
46544272
46544274
46544275
46544278
46544279
46544280
46544281
46544286
46544288
46544290
46544295
46544296
46544306
46544308
46544312
46544316
46544317
46544320
46544323
46544327
46544328
46544329
46544330
46544331
46544332
46544341
46544345
46544354
46544355
46544356
46544357
46544360
46544362
46544363
46544367
46544368
46544370
46544372
46544373
46544374
46544375
46544376
46544378
46544380
46544382
46544384
46544385
46544386
46544389
46544391
46544392
46544393
46544397
46544399
46544400
46544401
46544402
46544404
46544405
46544408
46544411
46544412
46544413
46544415
46544416
46544417
46544418
46544420
46544421
46544424
46544425
46544427
46544428
46544429
46544430
46544431
46544432
46544433
46544434
46544435
46544436
46544439
46544441
46544442
46544443
46544445
46544446
46544447
46544448
46544449
46544450
46544452
46544453
46544454
46544455
46544457
46544458
46544459
46544460
46544462
46544463
46544464
46544465
46544467
46544468
46544470
46544472
46544473
46544474
46544475
46544476
46544477
46544478
46544479
46544480
46544481
46544483
46544484
46544486
46544487
46544488
46544489
46544494
46544495
46544497
46544498
46544499
46544502
46544503
46544504
46544505
46544506
46544507
46544508
46544509
46544510
46544513
46544514
46544515
46544516
46544517
46544518
46544521
46544522
46544523
46544524
46544525
46544526
46544527
46544528
46544530
46544531
46544533
46544542
46544544
46544545
46544546
46544547
46544548
46544549
46544550
46544551
46544552
46544562
46544563
46544565
46544566
46544567
46544570
46544571
46544572
46544574
46544575
46544576
46544579
46544583
46544584
46544585
46544586
46544587
46544588
46544589
46544590
46544592
46544593
46544595
46544596
46544600
46544601
46544602
46544603
46544604
46544605
46544606
46544608
46544609
46544610
46544612
46544614
46544615
46544616
46544617
46544618
46544619
46544620
46544621
46544622
46544623
46544624
46544626
46544629
46544630
46544632
46544633
46544634
46544635
46544636
46544637
46544638
46544640
46544641
46544642
46544643
46544644
46544645
46544646
46544647
46544648
46544649
46544652
46544653
46544654
46544656
46544659
46544660
46544666
46544668
46544669
46544674
46544680
46544681
46544683
46544684
46544686
46544687
46544688
46544691
46544693
46544695
46544696
46544701
46544702
46544704
46544705
46544706
46544707
46544711
46544712
46544713
46544714
46544715
46544716
46544717
46544718
46544720
46544721
46544722
46544726
46544727
46544728
46544729
46544733
46544734
46544735
46544737
46544739
46544743
46544744
46544745
46544747
46544748
46544750
46544751
46544752
46544753
46544755
46544756
46544759
46544761
46544762
46544763
46544764
46544765
46544766
46544767
46544768
46544769
46544771
46544772
46544773
46544774
46544775
46544776
46544777
46544778
46544779
46544781
46544782
46544783
46544787
46544789
46544790
46544791
46544792
46544793
46544795
46544796
46544797
46544799
46544800
46544859
46544866
46544877
46544884
46544885
46544888
46544889
46544890
46544891
46544892
46544893
46544894
46544900
46544901
46544902
46544913
46544916
46544920
46544921
46544923
46544924
46544925
46544926
46544929
46544930
46544932
46544933
46544934
46544935
46544936
46544937
46544938
46544939
46544940
46544941
46544942
46544944
46544947
46544950
46544951
46544952
46554630
46733313
46733561
46734092
46900204
46926468
46926469
46926470
46926471
46926472
46926473
46926474
46926476
46926478
46926479
46926481
46926482
46926483
46926484
46926485
46926486
46926489
46926490
46926491
46926492
46926493
46926494
46926495
46926496
46926497
46926498
46926499
46926500
46926501
46926502
46926503
46926504
46926505
47125869
47200762
47200989
47200990
47216228
47216229
47216230
47216231
47216232
47216233
47216234
47216235
47300679
47300688
47300694
47300705
47346214
47385899
47385900
47385901
47385902
47385903
47385904
47385905
47385906
47385907
47385908
47385909
47385910
47385911
47385912
47403043
47451243
47451244
47451245
47451246
47451247
47451248
47451249
47451250
47451251
47451252
47451253
47451254
47451255
47451256
47451257
47451258
47516280
47516281
47516282
47516283
47516284
47516285
47516286
47516287
47516288
47516289
47516290
47516291
47516292
47516293
47516294
47516295
47516296
47516297
47516298
47516299
47516300
47739214
47744318
47744357
47744604
47745412
47745724
47745791
47809862
47809863
47809864
47809865
47809866
47809867
48028112
48028142
48028158
48028162
48028165
48028184
48028197
48028224
48028245
48028270
48028278
48028294
48028305
48028314
48028328
48028345
48028369
48028370
48028377
48028385
48028417
48028445
48028450
48028469
48028471
48028493
48028494
48028502
48028530
48028551
48028558
48028564
48028572
48028594
48028609
48028624
48028629
48028631
48028632
48028636
48028647
48028651
48028660
48028661
48028679
48028729
48179649
48193615
48209207
48320897
48491535
48491536
48491538
48491539
48491540
48523524
48523525
48523526
48523527
48736260
48736437
48797136
48797137
48797138
48797139
48797140
48797141
48797142
48797143
48797144
48797145
48797150
48797188
48797189
48797190
48797191
48797192
48797193
48797194
48797195
48938486
48938487
48938488
48938489
48938490
48938491
49012616
49012617
49014326
49014868
49077625
49077626
49077627
49077628
49077629
49077630
49077631
49077632
49077633
49077634
49077635
49077636
49077637
49077638
49077639
49106501
49527751
49687911
49741989
49741990
49741991
49741992
49741993
49741994
49741995
49741996
49741997
49741998
49741999
49742000
49991558
49991559
49991561
49991562
49991564
49991565
49991566
49991567
49991568
49991569
49991570
49991572
49991573
49991574
49991576
49991577
49991578
49991579
49991580
49991581
49991582
49991583
49991585
49991588
49991589
49991590
49991591
49991592
49991593
49991595
49991596
50221623
50221630
50283382
50283532
50451448
50451634
50451639
50452127
50452250
50614363
50631845
50669776
50669808
50669820
50669856
50715397
50715398
50715399
50715400
50715401
50715402
50736749
50770659
50770660
50770661
50770662
50770663
50770664
50771223
50771224
50771225
50771226
50771227
50771228
50771229
50771230
50808339
50838701
50926485
50951271
50951272
50963349
50963552
50966844
50966954
50969107
50990247
51019768
51025423
51074497
51077508
51156977
51156978
51156979
51156980
51156981
51156986
51156987
51156991
51156992
51156993
51156996
51157000
51157007
51157010
51157013
51157015
51157016
51157019
51157020
51157022
51157024
51157026
51157028
51157029
51157032
51157036
51157037
51157039
51157040
51157043
51157045
51157046
51157048
51157049
51157050
51157056
51157058
51157060
51157063
51157065
51157066
51157067
51205843
51205886
51206046
51224719
51256942
51367440
51467887
51477968
51494250
51497273
51498037
51498452
51499074
51502122
51503164
51505247
51523910
51523911
51523912
51523913
51523914
51523915
51523916
51523917
51523918
51523919
51523920
51523921
51523922
51523923
51523924
51523925
51523926
51523927
51523928
51523929
51523930
51523931
51523932
51523933
51523934
51523935
51523936
51523937
51530810
51530811
51530812
51530813
51530814
51530815
51530816
51530817
51530818
51530819
51530820
51530821
51536681
51540868
51634763
51653976
51663063
51684115
51693529
51693873
51703351
51708468
51718387
52013195
52021218
52096214
52215465
52215466
52215467
52215468
52215469
52215470
52215471
52215472
52215473
52215474
52215475
52215476
52215477
52215478
52215479
52215480
52215481
52215482
52215483
52215484
52215485
52215486
52215487
52215488
52215489
52215490
52215491
52215492
52215493
52215494
52215495
52215496
52215497
52215498
52215499
52215500
52215501
52215502
52215503
52215504
52215505
52215506
52215507
52215508
52215509
52215510
52215511
52215512
52215513
52215514
52215515
52215516
52215517
52215518
52215519
52215520
52215521
52215522
52215523
52215524
52215525
52215526
52215527
52215528
52215529
52215530
52215531
52215532
52215533
52215534
52215535
52215536
52215537
52215538
52215539
52215540
52215541
52215542
52215543
52215544
52215545
52215546
52215547
52215548
52215549
52215550
52215551
52215552
52215553
52215554
52215555
52215556
52215557
52215558
52215559
52215560
52215561
52215562
52215563
52215564
52215565
52215566
52215567
52215568
52215569
52215570
52215571
52215572
52215573
52215574
52215575
52215576
52215577
52215578
52215579
52215580
52215581
52215582
52215583
52215584
52215585
52215586
52215587
52215588
52215589
52215590
52215591
52215592
52215593
52215594
52215595
52215596
52215597
52215598
52215599
52215600
52215601
52215602
52215603
52215604
52215605
52215606
52215607
52215608
52215609
52215610
52215611
52215612
52215613
52215614
52215615
52215616
52215617
52215618
52215619
52215620
52215621
52215622
52215623
52215624
52220537
52224367
52233995
52250701
52253646
52253687
52265713
52267697
52271864
52271934
52275741
52283425
52283708
52286109
52289381
52296785
52310958
52313490
52317383
52329054
52336104
52337549
52339667
52340239
52365100
52412833
52413697
52419550
52420535
52430513
52432625
52437672
52439202
52443188
52449763
52450484
52452751
52460606
52466711
52474493
52474961
52476635
52484467
52496938
52590426
52590756
52592732
52595175
52596122
52596742
52598876
52602809
52603304
52603793
52605227
52606432
52608544
52609115
52610411
52612073
52613379
52614189
52619367
52619571
52624561
52668753
52668949
52681154
52686168
52692652
52694086
52695007
52697641
52697964
52698306
52698752
52709224
52710628
52714246
52714313
52719112
52720879
52722178
52723450
52724297
52727367
52727595
52732121
52733384
52745363
52745650
52757929
52760569
52766217
52766939
52780093
52782756
52811176
52811655
52846453
52846457
52846459
52846460
52846461
52846462
52846463
52846464
52846466
52846467
52846468
52846469
52846470
52846471
52846472
52846473
52846474
52846475
52846476
52846477
52846478
52846479
52846480
52846482
52846483
52846484
52846485
52846486
52846487
52846489
52846491
52846492
52846493
52846494
52846496
52846497
52846498
52846501
52846502
52846507
52846508
52846510
52846511
52846514
52846515
52846523
52846525
52846526
52846527
52846531
52846534
52846535
52846536
52846537
52846538
52846539
52846541
52846542
52846543
52846544
52846545
52846546
52846547
52846548
52846549
52846553
52846554
52846555
52846556
52846557
52846558
52846559
52846560
52846561
52846562
52846565
52846566
52846567
52846568
52846569
52846576
52846578
52846579
52846580
52846581
52846582
52846583
52846585
52846586
52846589
52846590
52846591
52846594
52846595
52846596
52846599
52846601
52846602
52846606
52846608
52846609
52846613
52846617
52846618
52846619
52846620
52846621
52846622
52846623
52846624
52846625
52846626
52846627
52846628
52846629
52846630
52846632
52846633
52846634
52846635
52846636
52846638
52846639
52846640
52846641
52846642
52846643
52846644
52846645
52846646
52846647
52846648
52846649
52846650
52846651
52846652
52846653
52846654
52846655
52846656
52846657
52846658
52846659
52846660
52846661
52846662
52846663
52846664
52846665
52846666
52846667
52846668
52846670
52846671
52846673
52846674
52846675
52846676
52846677
52846679
52846680
52846682
52846683
52846685
52846686
52846687
52846688
52846689
52846692
52846694
52846695
52846696
52846697
52846702
52846705
52846706
52846707
52846708
52846709
52846711
52846712
52846713
52846714
52846715
52846716
52846717
52846721
52846722
52846723
52846724
52846725
52846726
52846727
52846728
52846729
52846730
52846731
52846732
52846733
52846734
52846735
52846736
52846737
52846738
52846739
52846740
52846741
52846742
52846743
52846744
52846745
52846746
52846747
52846748
52846749
52846750
52846751
52846752
52846753
52846754
52846755
52846756
52846757
52846758
52846759
52846760
52846761
52846762
52846763
52846765
52846766
52846767
52846768
52846770
52846771
52846772
52846773
52846774
52846775
52846776
52846777
52846778
52846779
52846780
52846781
52846782
52846783
52846784
52846800
52846801
52846805
52846807
52846811
52846815
52846816
52846817
52846818
52846819
52925245
52925246
52925247
52925248
52925249
52925250
52926856
52926857
52926858
52926859
52926860
52926861
52938746
52938769
53011735
53034962
53034994
53091785
53091786
53091787
53091788
53091789
53091790
53275198
53285404
53302405
53311908
53362075
53424785
53461379
53461380
53461381
53461382
53461383
53461384
53461385
53461386
53461387
53461388
53461389
53461390
53461391
53461392
53461393
53461394
53461395
53461396
53461397
53461398
53472411
53490453
53547002
53559939
53561777
53567292
53586939
53617910
53640084
53640283
53640284
53640355
53640551
53640618
53640655
53640680
53640716
53640881
53641087
53641301
53641307
53641428
53641448
53641553
53641643
53641688
53641901
53641945
53641976
53641996
53642042
53642088
53642175
53642317
53642448
53651572
53684634
53759325
53759345
53759346
53759354
53759355
53759357
53759358
53759362
53768396
53768397
53768398
53768399
53768400
53768401
53940139
53941619
53941831
53941832
53946921
53948401
53948613
53948614
53953686
53955199
53955623
53955625
53960451
53961997
53962425
53962427
53967244
53969173
53969594
53969596
53974009
53975643
53976071
53976074
53980790
53982270
53982482
53982483
53988535
53991543
53991966
53991968
53994321
53995970
53996388
53996390
54001098
54002578
54002790
54002791
54007863
54009343
54009555
54009556
54016997
54019981
54020407
54020409
54021554
54024494
54024930
54024932
54029636
54032591
54033005
54033007
54039526
54041093
54041344
54041346
54042840
54043181
54043261
54043262
54048092
54049572
54049784
54049785
54051634
54052452
54052453
54054472
54057401
54059341
54059997
54066891
54068158
54068524
54070910
54075123
54075883
54077376
54077934
54078182
54080461
54081757
54081940
54087725
54096872
54140464
54155678
54223675
54223676
54223677
54223678
54223679
54258693
54323686
54424397
54425248
54425549
54426163
54426965
54427375
54428399
54428855
54428984
54429917
54430839
54430958
54439457
54440035
54440036
54440037
54440038
54440039
54440040
54448173
54448174
54448175
54448176
54448177
54448178
54448181
54448182
54448184
54472879
54493541
54493542
54493543
54493544
54493545
54493546
54493547
54493548
54493549
54493550
54493551
54493552
54493553
54493554
54493555
54493556
54493557
54493558
54493559
54493560
54493561
54493562
54493563
54493564
54493565
54493566
54493567
54493568
54493569
54493570
54493571
54493572
54493573
54493574
54493575
54493576
54493577
54493578
54493579
54493580
54493581
54493582
54493583
54493584
54493585
54493586
54493587
54493588
54499120
54593730
55054564
55054597
55054600
55054601
55054602
55054638
55054655
55054658
55054661
55054673
55054674
55054691
55056159
55192496
55192497
55200247
55200248
55200494
55200495
55200496
55200497
55200498
55200499
55200500
55200501
55200502
55200503
55200504
55200505
55200506
55200507
55200508
55200509
55200510
55200511
55200512
55200513
55200514
55200515
55200516
55200517
55333265
55333276
56011905
56306969
56306970
56306971
56306972
56306973
56306974
56306975
56306976
56306977
56306978
56306979
56306980
56306981
56306982
56306983
56306984
56306985
56306986
56408474
56408475
56408476
56408477
56408478
56408479
56408480
56408481
56408482
56408483
56408484
56408485
56408486
56408487
56408488
56408489
56408490
56408491
56408528
56408529
56408530
56408531
56408532
56408533
56408534
56408535
56408536
56408537
56408538
56408539
56408540
56408541
56408542
56408543
56408544
56408545
56408579
56408580
56408581
56408582
56408583
56408584
56408585
56408586
56408587
56408588
56408589
56408590
56408591
56408592
56408593
56408594
56408595
56408596
56408632
56408633
56408634
56408635
56408636
56408637
56408638
56408639
56408640
56408641
56408642
56408643
56408644
56408647
56408648
56408649
56408654
56408655
56408656
56408668
56408669
56408670
56408674
56408675
56408676
56408680
56408681
56408682
56408686
56408687
56408688
56408694
56408695
56408699
56408700
56408701
56408708
56408709
56408710
56408714
56408715
56408716
56408723
56408724
56408725
56408732
56408733
56408739
56408740
56408741
56408748
56408749
56408750
56408756
56408757
56408758
56408765
56408766
56408767
56408771
56408772
56408773
56408780
56408781
56408782
56408787
56408788
56408801
56408802
56408803
56408810
56408811
56408812
56408816
56408817
56408818
56408825
56408826
56408827
56408834
56408835
56408836
56408843
56408844
56408845
56408852
56408853
56408854
56408861
56408862
56408863
56408870
56408871
56408872
56408879
56408880
56408881
56408888
56408889
56408890
56408897
56408898
56408899
56408906
56408907
56408908
56408915
56408916
56408917
56408924
56408925
56408926
56408933
56408934
56408935
56408942
56408943
56408950
56408951
56408952
56408959
56408960
56408961
56408968
56408969
56408970
56408977
56408978
56408979
56408983
56408984
56408985
56408992
56408993
56409000
56409001
56409002
56409009
56409010
56409011
56409018
56409019
56409020
56409027
56409028
56409029
56502586
56502587
56616348
56616349
56616350
56616351
56616352
56616353
56616542
56616543
56616544
56616545
56616546
56616547
56616548
56767386
56917874
57167086
57167094
57185367
57185368
57185369
57185370
57185371
57185372
57185373
57185374
57185375
57185376
57185377
57185378
57185379
57185380
57185381
57185382
57185383
57185384
57199886
57199887
57199888
57199889
57199890
57199891
57199892
57199893
57199894
57199895
57199896
57199897
57199898
57199899
57199900
57199901
57199902
57199903
57199904
57199905
57308278
57308279
57308280
57308281
57308282
57308283
57363882
57401639
57500005
59386574
59700620
59700621
59700622
59700624
59700625
59700626
59700627
59700628
59700629
59700630
59700631
59700632
59700633
59700634
59700635
59700636
59700637
59700638
59700639
59700640
59700641
59700643
59700644
59700645
59700646
59700647
59700648
59700649
59700650
59700651
59700652
59700653
59700654
59700655
59700656
59700657
59700658
59700659
59700660
59700661
59700662
59700663
59700664
59700665
59700666
59700667
59700668
59700669
59700670
59700671
59700672
59700673
59700674
59700675
59700676
59700677
59700678
59700679
59700680
59700681
59700682
59700683
59700684
59700685
59700686
59700687
59700688
59700689
59700690
59700691
59700692
59700693
59700694
59700695
59700696
59700697
59700698
59700699
59700700
59700701
59700702
59700703
59700704
59700705
59700710
59700711
59700712
59700713
59700714
59700715
59700716
59700717
59700718
59700719
59700720
59700721
59700722
59700724
59700725
59700726
59700727
59700728
59700729
59700730
59700731
59700732
59700733
59700734
59700735
59700736
59700737
59700738
59700739
59700740
59700741
59700742
59700744
59700746
59700747
59700748
59700749
59700750
59700751
59700752
59700753
59700754
59700755
59700756
59700757
59700758
59700759
59700760
59700761
59700762
59700763
59700764
59700765
59700766
59700767
59700768
59700769
59700770
59700771
59700772
59700773
59700774
59700775
59700776
59700777
59700778
59700779
59700780
59700781
59700782
59700783
59700784
59700785
59700786
59700787
59700788
59700789
59700790
59700791
59700792
59700793
59700794
59700795
59700796
59700797
59700798
59700799
59700800
59700801
59700802
59700803
59700804
59700805
59700806
59700807
59700808
59700809
59700810
59700811
59700812
59700813
59700814
59700815
59700816
59700817
59700819
59700820
59700821
59700822
59700823
59700824
59700825
59700826
59700827
59700828
59700829
59700830
59700831
59700832
59700833
59700835
59700836
59700837
59700838
59700839
59700840
59700841
59700842
59700843
59700844
59700845
59700846
59700847
59700849
59700850
59700851
59700853
59700856
59700857
59700859
59700860
59700861
59700863
59700864
59700865
59700866
59700867
59700868
59700869
59700870
59700871
59700872
59700873
59700874
59700875
59700876
59700877
59700878
59700879
59700880
59700882
59700884
59700885
59700886
59700887
59700890
59700891
59700892
59700893
59700894
59700895
59700896
59700897
59700898
59700903
59700904
59700905
59700906
59700907
59700908
59700910
59700911
59700912
59700913
59700914
59700915
59700916
59700918
59700919
59700920
59700921
59700922
59700923
59700924
59700925
59700927
59700928
59700929
59700930
59700931
59700932
59700933
59700934
59700935
59700936
59700938
59700939
59700940
59700941
59700942
59700943
59700944
59700945
59700946
59700947
59700948
59700949
59700950
59859193
60429867
60429869
60429885
60436915
60436962
60437103
60437143
60437147
60437459
60437625
60437739
60437743
60437825
60438036
60438095
60438176
60438230
60438240
60438300
60438460
60438582
60438725
60630990
60630992
60631008
60831959
61000671
61056693
61056855
61057455
61057647
61057685
61057843
61057931
61058010
61058043
61058431
61059069
61059110
61059143
61059593
61059707
61060012
61060787
61060851
61061355
61061511
61061546
61061607
61061611
61061991
61062275
61062317
61062442
61062544
61062990
61063045
61063314
61063682
61064172
61064298
61064324
61064348
61064435
61064475
61064988
61065524
61065658
61065876
61066317
61066509
61066514
61066715
61066738
61066772
61066835
61080973
61080974
61109037
61109038
61109039
61109040
61109041
61109042
61109043
61109044
61109045
61109046
61109047
61109048
61109049
61109050
61109051
61109052
61259409
61259410
61491510
61491514
61763206
61763207
61763208
61763209
61763210
61763211
61763212
61763213
61763214
61763215
61763216
61763217
61763220
61763245
61763246
61763247
61763248
61763249
61763250
61763251
61763252
61763253
61763254
61763255
61763256
61848628
61959850
61959851
61959852
61959853
61959854
61959855
61959856
61959857
61959858
61959859
61959860
61959861
61959862
61959863
61959864
61959865
61959876
61959877
61959878
61959879
61959880
61959881
61959882
61959883
61959884
61959885
61959886
61959887
61959888
61963495
61963496
61963497
61963498
61963499
61963500
61963501
61963502
61963503
61963504
61963505
61963506
62014241
62014242
62014243
62014244
62014245
62014246
62014247
62077212
62365083
62365084
62365085
62365086
62365087
62365088
62365089
62365090
62365091
62365092
62371521
62371522
62385526
62385527
62385528
62403071
62475242
62622009
62667822
62891483
